F014TW001 1139550 1283196
F014BO001 1139832 1283280
F014LM001 1140160 1282882 131 -1
F014LM002 1139139 1282712 131 -1
F014LM003 1139411 1283257 131 -1
F014LM004 1140234 1283593 131 -1
F014LM005 1139813 1283399 131 -1
F014LM006 1139414 1283115 131 -1
F014EF001 1140119 1283164 131 -1
F014LM007 1139024 1282877 131 -1
F014LM008 1140221 1283742 131 -1
F014LM009 1140357 1283238 131 -1
F014LM010 1139883 1283186 131 -1
F014LM011 1139611 1282536 131 -1
F014LM012 1139607 1282751 131 -1
F014LM013 1140151 1282471 131 -1
F014WH0011140094 1283604 131 -1
F014WH002 1140367 1283012 131 -1
F014WH003 1139757 1282920 131 -1
F014WH004 1139912 1283636 131 -1
F014EW001 1139409 1283914 131 -1
F014WH005 1140103 1283412 131 -1
F014WH006 1139758 1282637 131 -1
F014WH007 1139179 1283256 131 -1
F014LM014 1139769 1282788 131 -1
F014LM015 1139655 1283656 131 -1
F014AD001 1139304 1283776 131 -1
F014AD002 1139306 1283724 131 -1
F014AD003 1139243 1283840 131 -1
F014CB001 1139338 1283648 131 -1
F014CB002 1139650 1283560 131 -1
F014FD001 1139462 1284139 131 -1
F014FD002 1139460 1284220 131 -1
F014HT001 1139608 1283935 131 -1
F014HT002 1139696 1283930 131 -1
F014HT003 1139811 1283949 131 -1
F014HT004 1139807 1284033 131 -1
F014HT005 1139697 1284045 131 -1
F014HT006 1139611 1284043 131 -1
F014G2001 1140104 1284304 131 -1
F014G0001 1141993 1286643 219 -1
F014LM016 1139361 1282856 131 -1
F014WH008 1139574 1283415 131 -1
F014CB003 1139799 1283548 131 -1
F014LM017 1139766 1283117 131 -1
F014LM018 1139222 1282997 131 -1
F014LM019 1139595 1283000 131 -1
F014G2002 1139040 1283331 131 -1

